[history/.dummy_history]
version = 6.6.2
modtime = 1505424533.142822000

[ui-tour/search-tour]
version = 6.6.2
modtime = 1508958518.351636000
