[history/.dummy_history]
version = 7.1.1
modtime = 1534161917.494186000

[ui-tour/search-tour]
version = 7.1.1
modtime = 1542602578.301341000
