[history/.dummy_history]
version = 6.6.2
modtime = 1513180297.927249000

[ui-tour/search-tour]
version = 6.6.2
modtime = 1513180301.092859000
