[history/.dummy_history]
version = 6.6.2
modtime = 1516264961.799333000

[ui-tour/search-tour]
version = 6.6.2
modtime = 1516264968.357297000
