[history/.dummy_history]
version = 7.1.1
modtime = 1533215537.423947000

[ui-tour/search-tour]
version = 7.1.1
modtime = 1548714057.485957000
