[/home/splunker/splunk/var/log/splunk/splunkd_stdout.log_Thu_Jul_27_08:16:20_2017_2071567908]
L- = 0.002996
L->_._._. = 0.021723
L->__. = 0.014981
L->____! = 0.020225
L-_... = 0.018727
L-_L7(____L7) = 0.006742
L-___,_'___. = 0.029213
L-___. = 0.022472
L-___._L7(L7) = 0.023970
L-___:_://.. = 0.033708
L-____()..._ = 0.032959
L-_____://.. = 0.052434
L-______://: = 0.044195
L-t = 0.003745
L-t_... = 0.014981
L-t_...__. = 0.024719
L-t__...__ = 0.032210
L-t__...t = 0.028464
L-t___. = 0.020974
L-t___L7(...:L7) = 0.035206
L-t___L7(L7):_ = 0.026217
L-t____... = 0.026966
L-t_____... = 0.030712
L-t______'// = 0.092135
L-tt:_______ = 0.068165
L-tt____-__' = 0.196255
_source = /home/splunker/splunk/var/log/splunk/splunkd_stdout.log
_sourcetype = splunkd_stdout-2

[/home/splunker/splunk/var/log/splunk/eventgen.log.1_Mon_Feb_19_21:59:24_2018_2128821046]
L---_::,__EQ' = 0.774011
_source = /home/splunker/splunk/var/log/splunk/eventgen.log.1
_sourcetype = eventgen.log
additional = 0.005650
all = 0.005650
are = 0.005650
called = 0.005650
config = 0.005650
configs = 0.005650
configurations = 0.005650
embedded = 0.005650
eventgen = 0.005650
exiting = 0.005650
false = 0.005650
from = 0.005650
generation = 0.005650
generatorqueuedepth = 0.005650
generatorrealworker = 0.005650
generators = 0.005650
generatorspersec = 0.005650
generatorworker = 0.005650
info = 0.005650
main = 0.005650
module = 0.005650
null = 0.005650
outputers = 0.005650
outputqueuedepth = 0.005650
outputrealworker = 0.005650
outputterspersec = 0.005650
outputthreadworker = 0.005650
outputworker = 0.005650
queues = 0.005650
retrieving = 0.005650
running = 0.005650
sample = 0.005650
starting = 0.005650
stop = 0.005650
stopped = 0.005650
stopping = 0.005650
thread = 0.005650
timers = 0.005650
worker = 0.005650
working = 0.005650

[/home/splunker/splunk/var/log/splunk/eventgen.log.1_Mon_Feb_19_21:59:24_2018_1150212663]
L---_::,__EQ' = 0.938356
_source = /home/splunker/splunk/var/log/splunk/eventgen.log.1
_sourcetype = eventgen.log
generatorqueuedepth = 0.006849
generatorspersec = 0.006849
info = 0.006849
main = 0.006849
module = 0.006849
null = 0.006849
outputqueuedepth = 0.006849
outputterspersec = 0.006849
sample = 0.006849

[/home/splunker/splunk/var/log/splunk/splunk_archiver.log_Sat_Jun_16_07:53:54_2018_1822482130]
L---_::,_-_t = 0.937500
_source = /home/splunker/splunk/var/log/splunk/splunk_archiver.log
_sourcetype = splunk_archiver-2
archivebuckets = 0.006944
copybuckets = 0.006944
dispatching = 0.006944
info = 0.006944
json = 0.006944
providers = 0.006944
search = 0.006944
the = 0.006944
vixes = 0.006944

[/home/splunker/splunk/var/log/splunk/splunkddebug.log_Thu_Feb_14_14:19:25_2019_1338681591]
L---_::._-__ = 0.925926
_source = /home/splunker/splunk/var/log/splunk/splunkddebug.log
_sourcetype = splunkddebug
cache = 0.009259
debug = 0.009259
hit = 0.009259
indexkey = 0.009259
internal = 0.009259
shouldforward = 0.009259
shouldforwardindex = 0.009259
tcpoutputproc = 0.009259

[/home/splunker/splunk/var/log/splunk/splunkddebug.log_Thu_Feb_14_14:19:25_2019_750904972]
L---_::._-__ = 0.775194
_source = /home/splunker/splunk/var/log/splunk/splunkddebug.log
_sourcetype = splunkddebug
adding = 0.007752
btreecp = 0.007752
cache = 0.007752
count = 0.007752
current = 0.007752
ddc = 0.007752
debug = 0.007752
disk = 0.007752
fcf = 0.007752
for = 0.007752
from = 0.007752
hit = 0.007752
indexkey = 0.007752
insertandclear = 0.007752
internal = 0.007752
key = 0.007752
loop = 0.007752
max = 0.007752
queue = 0.007752
record = 0.007752
retrieved = 0.007752
shouldforward = 0.007752
shouldforwardindex = 0.007752
size = 0.007752
sptr = 0.007752
success = 0.007752
sucessfully = 0.007752
tcpoutputproc = 0.007752
update = 0.007752
