[history/.dummy_history]
version = 6.6.2
modtime = 1517076090.499270000

[ui-prefs/search]
version = 7.1.1
modtime = 1550778926.073260000
