[history/.dummy_history]
version = 6.6.2
modtime = 1513188769.177870000

[ui-tour/search-tour]
version = 6.6.2
modtime = 1513188771.302986000

[ui-tour/dashboards-tour%3Aenterprise]
version = 6.6.2
modtime = 1513284180.455021000

[ui-prefs/report]
version = 6.6.2
modtime = 1513284382.591649000
